image: map.png
origin: [-7.749409999999999, -56.48701238559779]
r_origin: [-7.749409999999999, -56.48701238559779, 0.0]
resolution: 0.0859
size: [640, 832]
