image: map.png
origin: [-21.19029991830717, -18.917401366805553]
r_origin: [-21.171114041399896, -18.938870487615294, 0.0]
resolution: 0.0742
size: [640, 666]
