image: map.png
origin: [-43.5039, -71.61998169071371]
r_origin: [-43.5039, -71.61998169071371, 0.0]
resolution: 0.1361
size: [640, 1052]
